//************************************************
// File Format Version 3.1
// Janus Release 3.0.2
// Acquisition Mode: Tracker A X-view only
// Energy Histogram Channels: 8192
// ToA/ToT LSB: 0.5 ns
// Run start time: Mon Jun 23 17:46:47 2023 UTC
//************************************************

       Tstamp_us        TrgID   Brd  Ch       LG       HG
       10000.555            0    00  14      500       39 
                                 00  15       25       41 
       10001.808            0    02  15       40       44 
                                 02  16      400      110 
        9965.050            0    04  16      250       36 
                                 04  17      250       34 

       15000.189            1    00  00      240       39 
                                 00  01      260       41 
       15054.077            1    02  12       50       44 
                                 02  13      540      110 
       15280.066            1    04  24      200       36 
                                 04  25      300       34 

       20000.543            2    00  25      600       39 
       21001.708            2    02  21       70       44 
                                 02  22      380      110 
       19965.000            2    04  19      350       36 
                                 04  20       60       34 
                                 04  27       35       34 

       28000.543            3    00  08      200       39
                                 00  09      310      110 
                                 00  14      380      110 
                                 00  15       20      110 
       28701.334            3    02  16      444       44 
                                 02  17       55      110
                                 02  19      400      110
                                 02  20       64      110
                                 02  21       40      110
       29265.040            3    04  22      350       36 
                                 04  23       90       34 
                                 04  24       22       34 
                                 04  25     1000      110
                                 04  26       18      110


