//************************************************
// File Format Version 3.1
// Janus Release 3.0.2
// Acquisition Mode: Spectroscopy
// Energy Histogram Channels: 8192
// ToA/ToT LSB: 0.5 ns
// Run start time: Mon Mar 27 19:46:47 2023 UTC
//************************************************
       Tstamp_us        TrgID   Brd  Ch       LG       HG
       24865.512            0    01  08        9       39 
                                 01  11       19       41 
       25619.808            0    00  00       37       44 
                                 00  01      105      110 
                                 00  02       38       36 
                                 00  03       13       34 
       57288.160            1    01  08    65533       11 
                                 01  11        5       11 
       58042.512            1    00  00       29       43 
                                 00  01       51       38 
                                 00  02       14       28 
                                 00  03       32       32 
       89710.848            2    01  08        0       19 
                                 01  11        5       32 
       90465.256            2    00  00       32       34 
                                 00  01       82      101 
                                 00  02       21       28 
                                 00  03       60      171 
      122132.544            3    01  08       13       22 
                                 01  11       16       27 
      122887.000            3    00  00       35       52 
                                 00  01       39       49 
                                 00  02       24       46 
                                 00  03       78      139 
      154554.280            4    01  08       28       17 
                                 01  11       22       31 
      155308.800            4    00  00       65      132 
                                 00  01       43      102 
                                 00  02       38      120 
                                 00  03       53      131 
      186976.536            5    01  08       84      169 
                                 01  11        0       22 
      187731.104            5    00  00       26       38 
                                 00  01       26       42 
                                 00  02       27       45 
                                 00  03       17       40 
      219399.624            6    01  08       12       30 
                                 01  11       32       34 
      220154.248            6    00  00       29       48 
                                 00  01       29       48 
                                 00  02       14       39 
                                 00  03       14       56 
      251821.792            7    01  08       31       20 
                                 01  11       30       15 
      252576.480            7    00  00       41       42 
                                 00  01       55       41 
                                 00  02      109       91 
                                 00  03       57       39 
      284244.136            8    01  08       63      174 
                                 01  11       22       43 
      284998.872            8    00  00       33       58 
                                 00  01       50       51 
                                 00  02       25       38 
                                 00  03       21       58 
      316667.720            9    01  08       14       46 
                                 01  11        8       45 
      317422.512            9    00  00       42       27 
                                 00  01       20       26 
                                 00  02       31       19 
                                 00  03       37       19 
      349090.672           10    01  08       27       45 
                                 01  11       20       44 
      349845.520           10    00  00       17       53 
                                 00  01       16       47 
                                 00  02       21       46 
                                 00  03        5       43 
      381512.864           11    01  08       17       14 
                                 01  11       24        1 
      382267.768           11    00  00       30       40 
                                 00  01       22       51 
                                 00  02       35       50 
                                 00  03       16       73 
      413935.176           12    01  08    65535        8 
                                 01  11    65534       15 
      414690.136           12    00  00       41       69 
                                 00  01       55       57 
                                 00  02       39       62 
                                 00  03       24       80 
      446356.768           13    01  08        8       17 
                                 01  11       13       16 
      447111.784           13    00  00       41       42 
                                 00  01       38       37 
                                 00  02       41       38 
                                 00  03       30       36 
      478777.696           14    01  08    65533       14 
                                 01  11        9       26 
      479532.768           14    00  00       25      104 
                                 00  01       28       60 
                                 00  02       18       64 
                                 00  03       81       78 
      511199.504           15    01  08       22       53 
                                 01  11       15       17 
      511954.624           15    00  00       26       33 
                                 00  01       34       33 
                                 00  02       50       31 
                                 00  03       25       21 
      543622.352           16    01  08        9        2 
                                 01  11       17    65535 
      544377.536           16    00  00       37       36 
                                 00  01       57       75 
                                 00  02       17       34 
                                 00  03       45       36 
      576044.536           17    01  08       18       20 
                                 01  11       16       17 
      576799.768           17    00  00       24       46 
                                 00  01       20       47 
                                 00  02       16       40 
                                 00  03        9       36 
      608467.032           18    01  08    65528       28 
                                 01  11        6       16 
      609222.328           18    00  00       69       71 
                                 00  01       68       85 
                                 00  02      204      167 
                                 00  03       53       71 
      640889.664           19    01  08       11       24 
                                 01  11       12       28 
      641645.016           19    00  00       79       27 
                                 00  01       55       34 
                                 00  02       49       46 
                                 00  03       58       40 
      673311.760           20    01  08        9       19 
                                 01  11       17       16 
      674067.160           20    00  00       45       47 
                                 00  01       74       66 
                                 00  02       43       53 
                                 00  03       24       49 
      705733.232           21    01  08    65535       12 
                                 01  11       97       70 
      706488.688           21    00  00       56       46 
                                 00  01       25       43 
                                 00  02       22       45 
                                 00  03       46       62 
      738155.480           22    01  08        3       39 
                                 01  11       36       60 
      738910.992           22    00  00       39       61 
                                 00  01       17       77 
                                 00  02       36       49 
                                 00  03       80      131 
      770577.312           23    01  08    65529       41 
                                 01  11       21       27 
      771332.880           23    00  00       43       48 
                                 00  01       25       36 
                                 00  02       71      142 
                                 00  03       32       46 
      802999.968           24    01  08       27       20 
                                 01  11        5       29 
      803755.592           24    00  00       39       54 
                                 00  01       17       62 
                                 00  02       14       47 
                                 00  03       28       67 
      835422.048           25    01  08    65522       36 
                                 01  11        0       25 
      836177.720           25    00  00       53       54 
                                 00  01      116       76 
                                 00  02       61       82 
                                 00  03       37       65 