//************************************************
// File Format Version 3.1
// Janus Release 3.0.2
// Acquisition Mode: Tracker A X-view only
// Energy Histogram Channels: 8192
// ToA/ToT LSB: 0.5 ns
// Run start time: Mon Jun 23 17:46:47 2023 UTC
//************************************************
       Tstamp_us        TrgID   Brd  Ch       LG       HG
       10000.555            0    00  14      500       39 
                                 00  15       25       41 
       10001.808            0    02  15       40       44 
                                 02  16      400      110 
        9965.050            0    04  16      250       36 
                                 04  17      250       34 
       10000.555            0    01  03      300       39 
                                 01  04      150       41 
       10001.808            0    03  01      120       44 
                                 03  02      300      110 
        9965.050            0    05  00      400       36 
                                 05  01       80       34 

       15000.189            1    00  00      240       39 
                                 00  01      260       41 
       15054.077            1    02  12       50       44 
                                 02  13      540      110 
       15280.066            1    04  24      200       36 
                                 04  25      300       34
       15000.189            1    01  21      240       39 
                                 01  22      250       41 
       15054.077            1    03  15       90       44 
                                 03  16      340      110 
       15280.066            1    05  09       80       36 
                                 05  10      510       34 
       20000.543            2    00  25      600       39 
       21001.708            2    02  21       70       44 
                                 02  22      380      110 
       19965.000            2    04  19      350       36 
                                 04  20       60       34 
                                 04  27       35       34 
       20000.543            2    01  22      550       39 
       21001.708            2    03  21       90       44 
                                 03  22      350      110 
       19965.000            2    05  21       60       36 
                                 05  22      380       34 
       28000.543            3    00  08      200       39
                                 00  09      310      110 
                                 00  14      380      110 
                                 00  15       20      110 
       28701.334            3    02  16      444       44 
                                 02  17       55      110
                                 02  19      400      110
                                 02  20       64      110
                                 02  21       40      110
       29265.040            3    04  22      350       36 
                                 04  23       90       34 
                                 04  24       22       34 
                                 04  25     1000      110
                                 04  26       18      110
       28000.543            3    01  04      270       39
                                 01  05      310      110 
                                 01  06      380      110 
                                 01  03       20      110 
       28701.334            3    03  14      444       44 
                                 03  15       55      110
                                 03  00      100      110
                                 03  26      164      110
                                 03  27      130      110
       29265.040            3    05  24      250       36 
                                 05  25      330       34 
 

