//************************************************
// File Format Version 3.1
// Janus Release 3.0.2
// Acquisition Mode: Tracker A X-view only
// Energy Histogram Channels: 8192
// ToA/ToT LSB: 0.5 ns
// Run start time: Mon Jun 23 17:46:47 2023 UTC
//************************************************
       Tstamp_us        TrgID   Brd  Ch       LG       HG
       10000.555            0    00  14      500       39 
                                 00  15       25       41 
                                 00  00       08       41 
                                 00  01       08       41 
                                 00  02       09       41 
                                 00  03       08       41 
                                 00  04       07       41 
                                 00  05       09       41 
                                 00  06       08       41 
                                 00  07       08       41 
                                 00  08       09       41 
                                 00  09       08       41 
                                 00  10       07       41 
                                 00  11       08       41 
                                 00  12       09       41 
                                 00  13       08       41 
                                 00  16       07       41 
                                 00  17       08       41 
                                 00  18       09       41 
                                 00  19       08       41 
                                 00  20       08       41 
                                 00  21       08       41 
                                 00  22       09       41 
                                 00  23       08       41 
                                 00  24       07       41 
                                 00  25       09       41 
                                 00  26       08       41 
                                 00  27       08       41 
                                 00  28       09       41 
                                 00  29       08       41 
                                 00  30       07       41 
                                 00  31       08       41 
                                 00  32       09       41 
                                 00  33       08       41 
                                 00  34       07       41 
                                 00  35       09       41 
                                 00  36       07       41 
                                 00  37       08       41 
                                 00  38       09       41 
                                 00  39       08       41 
                                 00  40       08       41 
                                 00  41       08       41 
                                 00  42       09       41 
                                 00  43       08       41 
                                 00  44       07       41 
                                 00  45       09       41 
                                 00  46       08       41 
                                 00  47       08       41 
                                 00  48       09       41 
                                 00  49       08       41 
                                 00  50       07       41 
                                 00  51       08       41 
                                 00  52       09       41 
                                 00  53       08       41 
                                 00  54       07       41 
                                 00  55       09       41 
                                 00  56       07       41 
                                 00  57       08       41 
                                 00  58       09       41 
                                 00  59       08       41 
                                 00  60       08       41 
                                 00  61       08       41 
                                 00  62       09       41 
                                 00  63       08       41
       10001.808            0    02  45       40       44 
                                 02  46      400      110 
                                 02  00       08       41 
                                 02  01       08       41 
                                 02  02       09       41 
                                 02  03       08       41 
                                 02  04       07       41 
                                 02  05       09       41 
                                 02  06       08       41 
                                 02  07       08       41 
                                 02  08       09       41 
                                 02  09       08       41 
                                 02  10       07       41 
                                 02  11       08       41 
                                 02  12       09       41 
                                 02  13       08       41 
                                 02  14       07       41 
                                 02  15       09       41 
                                 02  16       07       41 
                                 02  17       08       41 
                                 02  18       09       41 
                                 02  19       08       41 
                                 02  20       08       41 
                                 02  21       08       41 
                                 02  22       09       41 
                                 02  23       08       41 
                                 02  24       07       41 
                                 02  25       09       41 
                                 02  26       08       41 
                                 02  27       08       41 
                                 02  28       09       41 
                                 02  29       08       41 
                                 02  30       07       41 
                                 02  31       08       41 
                                 02  32       09       41 
                                 02  33       08       41 
                                 02  34       07       41 
                                 02  35       09       41 
                                 02  36       07       41 
                                 02  37       08       41 
                                 02  38       09       41 
                                 02  39       08       41 
                                 02  40       08       41 
                                 02  41       08       41 
                                 02  42       09       41 
                                 02  43       08       41 
                                 02  44       07       41 
                                 02  47       08       41 
                                 02  48       09       41 
                                 02  49       08       41 
                                 02  50       07       41 
                                 02  51       08       41 
                                 02  52       09       41 
                                 02  53       08       41 
                                 02  54       07       41 
                                 02  55       09       41 
                                 02  56       07       41 
                                 02  57       08       41 
                                 02  58       09       41 
                                 02  59       08       41 
                                 02  60       08       41 
                                 02  61       08       41 
                                 02  62       09       41 
                                 02  63       08       41 
        9965.050            0    04  16      250       36 
                                 04  17      250       34 
       10000.555            0    01  03      300       39 
                                 01  04      150       41 
       10001.808            0    03  23      120       44 
                                 03  23      300      110 
        9965.050            0    05  00      400       36 
                                 05  01       80       34 
       15000.189            1    00  00      240       39 
                                 00  01      260       41 
       15054.077            1    02  12       50       44 
                                 02  13      540      110 
       15280.066            1    04  24      200       36 
                                 04  25      300       34
       15000.189            1    01  21      240       39 
                                 01  22      250       41 
       15054.077            1    03  15       90       44 
                                 03  16      340      110 
       15280.066            1    05  09       80       36 
                                 05  10      510       34 
       20000.543            2    00  25      600       39 
       21001.708            2    02  21       70       44 
                                 02  22      380      110 
       19965.000            2    04  19      350       36 
                                 04  20       60       34 
                                 04  27       35       34 
       20000.543            2    01  22      550       39 
       21001.708            2    03  21       90       44 
                                 03  22      350      110 
       19965.000            2    05  21       60       36 
                                 05  22      380       34 
       28000.543            3    00  08      200       39
                                 00  09      310      110 
                                 00  14      380      110 
                                 00  15       20      110 
       28701.334            3    02  16      444       44 
                                 02  17       55      110
                                 02  19      400      110
                                 02  20       64      110
                                 02  21       40      110
       29265.040            3    04  22      350       36 
                                 04  23       90       34 
                                 04  24       22       34 
                                 04  25     1000      110
                                 04  26       18      110
       28000.543            3    01  04      270       39
                                 01  05      310      110 
                                 01  06      380      110 
                                 01  03       20      110 
       28701.334            3    03  14      444       44 
                                 03  15       55      110
                                 03  00      100      110
                                 03  26      164      110
                                 03  27      130      110
       29265.040            3    05  24      250       36 
                                 05  25      330       34 
 

